function y=T_rate(x)
y=0.7679+11.2358*x-39.7064*x^2+92.3583*x^3;
end